_C_28ed_57a3eb96_2 8c 0 f8 0 0 44212121 0 41494c45 0 6e652046 0 44656669 0 45207162 0 20524156 0 4f52203a 0 455252 
_C_28ed_57a3eb96_3 8c 0 128 0 0 44212121 0 41494c45 0 65722046 0 4a756d70 0 65617465 0 71624372 0 41564520 0 203a2052 0 52524f52 0 45 
_C_28ed_57a3eb96_1 8c 0 110 0 0 44212121 0 41494c45 0 6f6e2046 0 4f707469 0 62536574 0 56452071 0 3a205241 0 524f5220 0 4552 
_C_28ed_57a3eb96_5 8c 0 108 0 0 44212121 0 41494c45 0 6c652046 0 61644669 0 71624c6f 0 41564520 0 203a2052 0 52524f52 0 45 
_C_28ed_57a3eb96_8 8c 0 150 0 0 44212121 0 41494c45 0 6c732046 0 4d6f6465 0 61626c65 0 506f7274 0 6252756e 0 56452071 0 3a205241 0 524f5220 0 4552 
_C_28ed_57a3eb96_a 8c 0 1a0 0 0 65212121 0 2066696c 0 6c6f6164 0 20746f20 0 494c4544 0 74204641 0 6e546573 0 6e645275 0 6f616441 0 2071624c 0 52415645 0 52203a20 0 4552524f 
_C_28ed_57a3eb96_3b 9c 0 20 0 40140000 
_C_28ed_57a3eb96_38 84 0 20 0 0 64656669 
_C_28ed_57a3eb96_39 84 0 60 0 0 6c793d31 0 6c654f6e 0 637963 
_C_28ed_57a3eb96_30 84 0 20 0 0 24 
_C_28ed_57a3eb96_31 84 0 20 0 0 25 
_C_28ed_57a3eb96_32 84 0 20 0 0 26 
_C_28ed_57a3eb96_33 84 0 20 0 0 27 
_C_28ed_57a3eb96_2c 84 0 20 0 0 20 
_C_28ed_57a3eb96_2d 84 0 20 0 0 21 
_C_28ed_57a3eb96_2e 84 0 20 0 0 22 
_C_28ed_57a3eb96_2f 84 0 20 0 0 23 
_C_28ed_57a3eb96_34 84 0 20 0 0 28 
_C_28ed_57a3eb96_35 84 0 20 0 0 29 
_C_28ed_57a3eb96_36 84 0 20 0 0 2a 
_C_28ed_57a3eb96_37 84 0 20 0 0 2b 
_C_28ed_57a3eb96_7 8c 0 120 0 0 44212121 0 41494c45 0 72792046 0 69627261 0 6f61644c 0 2071624c 0 52415645 0 52203a20 0 4552524f 
_C_28ed_57a3eb96_10 84 0 20 0 0 4 
_C_28ed_57a3eb96_6 8c 0 108 0 0 44212121 0 41494c45 0 73742046 0 61645465 0 71624c6f 0 41564520 0 203a2052 0 52524f52 0 45 
_C_28ed_57a3eb96_11 84 0 20 0 0 5 
_C_28ed_57a3eb96_12 84 0 20 0 0 6 
_C_28ed_57a3eb96_b 8c 0 130 0 0 2e766364 0 696c6f67 0 2f766572 0 53505f56 0 444f5f44 0 56495641 0 696d732f 0 726b2f73 0 775f776f 0 6264 
_C_28ed_57a3eb96_13 84 0 20 0 0 7 
_C_28ed_57a3eb96_4 8c 0 170 0 0 44212121 0 41494c45 0 656c2046 0 654d6f64 0 7461626c 0 72506f72 0 69737465 0 62526567 0 56452071 0 3a205241 0 524f5220 0 4552 
_C_28ed_57a3eb96_c 84 0 20 0 0 0 
_C_28ed_57a3eb96_d 84 0 20 0 0 1 
_C_28ed_57a3eb96_e 84 0 20 0 0 2 
_C_28ed_57a3eb96_f 84 0 20 0 0 3 
_C_28ed_57a3eb96_18 84 0 20 0 0 c 
_C_28ed_57a3eb96_19 84 0 20 0 0 d 
_C_28ed_57a3eb96_1a 84 0 20 0 0 e 
_C_28ed_57a3eb96_1b 84 0 20 0 0 f 
_C_28ed_57a3eb96_14 84 0 20 0 0 8 
_C_28ed_57a3eb96_15 84 0 20 0 0 9 
_C_28ed_57a3eb96_9 8c 0 1b8 0 0 4521210a 0 20524156 0 20666f72 0 696f6e73 0 6f636174 0 20696e76 0 74657374 0 656e7420 0 63757272 0 20636f6e 0 6d616e79 0 546f6f20 0 4f523a20 0 455252 
_C_28ed_57a3eb96_16 84 0 20 0 0 a 
_C_28ed_57a3eb96_17 84 0 20 0 0 b 
_C_28ed_57a3eb96_20 84 0 20 0 0 14 
_C_28ed_57a3eb96_21 84 0 20 0 0 15 
_C_28ed_57a3eb96_22 84 0 20 0 0 16 
_C_28ed_57a3eb96_23 84 0 20 0 0 17 
_C_28ed_57a3eb96_1c 84 0 20 0 0 10 
_C_28ed_57a3eb96_1d 84 0 20 0 0 11 
_C_28ed_57a3eb96_1e 84 0 20 0 0 12 
_C_28ed_57a3eb96_1f 84 0 20 0 0 13 
_C_28ed_57a3eb96_28 84 0 20 0 0 1c 
_C_28ed_57a3eb96_29 84 0 20 0 0 1d 
_C_28ed_57a3eb96_2a 84 0 20 0 0 1e 
_C_28ed_57a3eb96_2b 84 0 20 0 0 1f 
_C_28ed_57a3eb96_3a 9c 0 20 0 0 
_C_28ed_57a3eb96_24 84 0 20 0 0 18 
_C_28ed_57a3eb96_25 84 0 20 0 0 19 
_C_28ed_57a3eb96_26 84 0 20 0 0 1a 
_C_28ed_57a3eb96_27 84 0 20 0 0 1b 
